4.321
66.708
177.85508
11.027
130.88986
21.51681
147.292
128.12854
12.1809
124.413
79.182
81.1
87.3
142.9
101.72711
138.123
134.73
111.2
103.2261
19.966
5.886
123.8
15.925
171.8
145.423
115.996
27.758
56.93
7.2886
137.95793
93.29
19.74
60.86538
51.757
112.637
72.9235
172.51
140.45
37.5
170.7553
10.3824
114.85
110.1
46.03
81.75
153.3
28.193
94.54504
5.50883
131.58
62.3
76.42366
91.8555
84.97748
32.6
49.0669
102.71
13.18
127.459
62.105
141.4
106.21
114.6913
123.98
95.3204
29.95
135.4279
148.99055
102.9181
98.522
9.92
56.565
146.378
63.29901
13.36
8.831
50.1
36.5988
69.403
1.8948
149.8
164.572
103.546
53.56
76.7071
179.3
23.2
172.635
158.0671
32.4
86.9332
23.9
125.57705
168.8691
65.8
61.7
5.38
176.8
23.9
46.5123
114.6179
106.8074
169.6
98.29
111.13629
63.16
69.101
115.067
132.6
101.9132
68.21916
15.80773
165.7
43.792
83.52223
129.005
132.26
77.8707
137.03802
68.68
175.79284
141.976
34.7
65.4
83.51025
74.57406
38.69
5.3
1.7
174.2
118.0295
107.6929
116.1207
109.9
64.76
9.42714
71.69071
99.33759
80.4999
11.43
47.372
60.641
13.7629
87.2
63.03
155.33833
21.546
158.22
95.67
106.29007
155.44894
56.62722
160.3
169.31
160.155
57.95601
112.9677
178.5075
177.6075
51.90143
169.942
32.8
11.71093
104.5099
84.3791
175.32504
137.728
55.5791
47.14
150.844
30.27
39.469
155.1
111.6
30.32335
21.2548
158.684
154.73
88.55257
42.9
61.3291
68.55
99.434
48.5
150.97
103.526
60.795
149.9
36.69219
45.251
12.41
25.57
35.568
51.34
135.82277
88.9
56.53
35.7135
65.9
124.41474
40.3
102.64
141.23527
6.38818
52.4
177.9727
12.36709
67.44
55.0104
147.6
49.4019
133.903
34.13113
15.529
160.02
14.6505
97.34926
110.4087
140.9918
98.59593
176.41351
68.9341
66.2
157.772
105.4
65.36029
18.12399
176.6
90.3983
28.7
79.7
143.5827
156.9288
31.607
72.8921
60.48237
39.26
122.17
63.80807
12.58
17.185
175.66595
27.7
115.1138
21.81696
131.7105
74.4
43.056
41.952
10.142
27.259
15.13154
61.8
112.50745
133.083
150.38
75.206
97.50581
73.5
102.53
135.8279
22.0892
114.3821
118.2
69.4
69.30454
86.25
1.0201
171.6
77.7632
131.4
42.466
62.7049
164.1473
39.6983
115.8
34.72
100.1744
150.2
106.987
59.36
178.28
25.1
4.3004
146.6415
25.7
85.2
123.08
49.97275
109.49767
177.5428
107.9042
180.0688
56.4
7.54245
86.84414
97.447
67.0693
78.7
150.18224
179.04221
150.576
175.3
120.718
12.9
20.4
140.7411
70.7679
110.9
165.244
119.74326
179.51326
156.42
69.87788
55.91947
18.8
9.34221
65.75402
115.975
91.36
144.8
50.9
39.6443
36.94
139.8067
137.59146
156.7573
180.391
24.669
99.47664
81.3979
35.967
78.7
72.98903
67.097
54.9
82.44418
64.146
130.107
49.3744
58.31898
125.8
24.9402
137.43
78.64
101.8
34.548
114.26339
174.0688
45.73004
27.2236
170.861
104.5751
22.7627
58.92978
20.2914
153.052
46.91
33.683
16.16
1.24
162.36
90.251
143.0046
167.117
38.6
72.376
110.3591
48.7
74.7619
44.16
79.69
29.86701
26.35677
21.31
119.56
130.9663
45.43
168.4
124.3
78.83362
138.46907
53.92045
63.26942
147.59394
162.88647
156.28891
80.637
108.1
42.316
171.8
64.21
60.2
19.64058
164.012
172.171
28.46859
85.682
74.524
137.66126
100.76
49.89552
105.061
111.1973
58.772
137.325
50.7
121.87
56.37723
52.3264
93.01
72.19
83.843
132.2
56.32
97.3
78.837
4.733
135.2
22.98
101.35913
81.8909
83.81
116.9
39.106
165.6343
154.6
115.7913
148.67
62.3433
103.8
86.2615
169.58
14.6
83.0724
133.02
78.9
118.67727
156.7
169.88
107.81
154.46421
165.74
17.621
13.18535
138.47956
151.9
156.0901
167.5777
117.96469
31.6056
107.1984
115.456
131.559
177.3
120.0575
68.37
119.9
92.97
101.02
134.831
61.159
52.39
131.9
51.34
48.666
137.64426
132.13032
175.5233
67.146
88.1
87.5636
132.15309
131.91649
131.8348
11.77019
89.07
100.113
125.216
2.2046
21.049
115.91041
23.296
7.638
150.85
63.8
107.241
145.65
88.884
115.232
67.6417
95.5
96.1894
87.711
153.32
97.496
22.456
92.05529
167.256
146.55788
137.6182
38.49769
101.49
58.4187
54.35
107.8
138.681
171.23817
99.819
98.941
149.5598
93.45339
121.72
81.7
131.75915
170.06764
88.0079
131.28592
15.656
65.3
143.1
36.0077
59.93
158.49
161.54
39.969
85.246
11.3
73.474
82.3119
98.5
64.2032
129.324
120.7613
45.99
117.13
156.9
84.916
177.3062
103.51229
106.345
8.08
5.50611
146.78655
81.18187
52.662
167.501
78.82
16.15
130.207
89.43
13.5
74.177
114.83802
115.71488
110.738
59.86896
153.443
59.6
98.7465
14.058
79.44459
109.26
58.579
108.8865
31.4
75.86809
56.33188
12.45
94.87
159.13
66.594
30.39
41.889
21.1167
139.188
178.3
152.5
169.34
31.5
131.55691
129.1012
138.65
102.46336
74.41
176.22943
72.93
158.217
16.7
112.45433
147.0184
1.0386
13.3
42.27
102.0292
172.66
56.59485
136.0748
47.1849
173.1795
51.889
12.71416
114.1
135.46686
2.187
62.427
114.438
136.475
117.626
142.9696
18.39
84.71087
44.53
9.85
17.2227
37.19
32.81747
4.235
179.8351
176.7323
119.7
41.2
47.112
138.5108
128.06565
19.824
109.56099
96.573
45.7
156.8897
160.6605
10.3
21.879
68.25
58.15
127.8653
89.43
158.376
134.243
13.138
112.9
121.809
8.745
60.6735
80.4
39.499
91.862
106.783
172.71093
76.8145
37.612
13.265
92.5
55.673
180.0912
91.732
96.40897
116.09
174.213
102.112
112.77
81.17044
94.71
50.3611
82.5776
94.3134
45.6
134.16
171.87
28.5
113.8934
131.2
19.5097
38.68
99.225
75.25
150.4
172.95142
128.38
85.97
13.1734
29.67173
175.552
53.337
19.95
122.89
129.7
112.8
33.73
41.98166
115.46284
100.91515
142.4784
91.4967
44.26997
89.77639
80.9799
71.1168
102.27327
50.5044
18.35
117.9085
131.8
106.71
11.66
75.92817
37.6
85.69619
5.1104
89.65
165.1495
76.734
161.656
134.3169
67.85798
63.54122
179.5
28.3
43.02353
42.20371
75.6
133.7
84.63201
7.337
94.474
30.204
109.32
122.9
122.5
81.774
38.154
39.92
28.9
144.678
171.9257
70.91
131.21
110.1226
60.189
161.0038
160.97347
106.3
155.57
39.17
158.799
34.9
163.73
111.94846
89.95
60.92
30.18
49.13
133.81
50.35608
32.43391
139.7837
7.3531
128.3355
92.45
51.9478
128.177
160.42003
5.42467
24.279
91.39281
116.04
179.278
109.7609
3.84752
89.4
116.815
118.25
174.53723
177.55
57.5
12.5
140.9
133.26017
9.6076
139.896
99.71893
5.1
129.4961
102.16327
117.32437
111.903
136.6
69.2
16.37
32.8
163.7196
160.1
134.3
169.69
49.45
50.797
126.489
102.8165
11.99301
12.006
107.91
44.022
78.4
9.65731
36.1
144.994
34.591
76.2066
150.1
39.6
13.989
126.79
35.9
103.92793
147.6336
175.054
16.6944
117.886
104.25
52.827
176.92152
162.23
137.35926
42.7616
54.13
85.98127
35.61
29.45
42.3067
15.64
94.5462
59.14
66.46
163.928
125.5
90.1176
154.61639
115.9
36.9
137.75
93.315
136.8201
71.50887
101.2
146.67
69.71242
159.7
84.79
64.98317
14.53
4.17
125.2906
54.215
45.38
11.88725
107.26475
107.3751
152.9
176.03602
25.25607
126.91299
122.7
89.8
123.516
89.9582
122.41
31.8601
126.3898
102.99
58.9
102.1
53.54
25.05
71.3
20.955
79.7
121.034
115.84392
114.58
173.24778
61.9228
59.424
111.61
131.5
50.4
33.82
40.33955
161.767
147.74447
88.4
180.552
84.025
54.53713
116.8
145.349
6.3032
34.39
55.5374
170.9905
71.3
147.45
71.572
27.13
51.3
43.1092
174.55505
102.143
113.85
63.33215
66.6248
84.882
134.87157
100.32003
6.2783
146.78
94.39
163.16
18.217
11.20936
149.595
34.98919
30.133
156.31
149.26254
106.2
129.9765
177.83
25.62
83.0006
63.5
30.3453
112.28
31.15119
132.01669
130.72022
95.72297
48.94
51.414
128.8941
155.2
127.8225
116.4
128.16
142.5
15.708
79.744
55.4947
52.6
118.7827
56.5
89.3
58.03928
70.134
176.17232
68.305
162.8
127.13
46.68993
124.59429
133.17
142.1013
144.18
122.091
19.25208
13.34082
164.71
9.30995
55.14
153.25997
66.18416
36.7
65.40716
69.1
32.2
29.686
140.6
61.635
23.17732
138.53776
103.6
3.89492
67.38
103.09
13.186
125.67242
176.6889
161.0319
137.1
86.4
86.89915
146.88
55.198
28.83634
36.57937
163.0284
42.2361
153.76465
45.04
167.6652
58.9