251
181
1775
1269
1566
726
517
1224
1916
350
574
2219
930
763
117
2235
75
1120
678
84
2183
1199
1409
857
1890
2445
242
84
149
1090
816
2141
1154
1867
1477
687
252
1536
549
411
1695
1414
2314
826
872
2004
612
1958
2109
630
2194
1094
1642
1829
1321
486
511
78
2291
448
805
1751
2421
624
317
2453
2307
318
2251
1469
2489
2224
1468
1498
908
1424
1903
1622
823
629
1429
1439
1380
774
1484
2469
853
1906
2365
2332
2465
183
2208
1895
957
1174
1966
999
2126
1585
1015
938
1597
174
633
1838
893
1017
327
2259
1290
285
1878
922
1285
598
2446
143
1644
2392
1590
562
1977
1620
208
945
151
288
285
580
1587
2359
2321
640
99
1065
1371
1183
1884
1370
2413
406
205
162
50
1331
2485
2053
134
1002
2469
1954
87
599
819
1338
1029
1914
1472
867
1543
1555
2408
2124
2352
2380
2311
1112
2455
867
2416
913
2056
13
1965
1110
218
670
104
2254
128
2491
1872
145
2112
239
397
197
2218
1920
2456
1416
1548
530
1577
1579
2466
246
776
2127
1680
814
136
2231
1875
1302
1856
147
2347
1218
1580
2065
168
2392
1518
1782
977
221
1275
1759
975
1725
1627
31
1621
481
1372
504
235
80
649
746
2262
2152
1704
1673
426
1281
1437
1434
1070
848
1247
36
33
931
1603
629
2038
1852
902
782
220
642
721
929
1058
1696
762
1802
657
2253
2269
482
234
2312
1464
1237
1225
1342
1251
941
1595
1986
1338
557
635
401
72
1513
390
885
1373
2404
2479
1515
2312
559
782
875
602
1269
1910
759
142
2346
2444
146
1532
1465
1827
263
2355
1128
2328
883
35
2406
2427
44
872
423
151
1037
757
513
1957
2381
1600
369
685
941
2491
555
831
1624
461
254
937
2046
1232
80
881
1631
1779
1719
1162
2394
2235
908
1379
1060
917
781
1443
757
1156
425
1260
513
1014
946
1097
628
1331
711
614
1467
1000
70
1852
239
1199
1420
1491
1247
594
2153
1599
1553
118
1010
706
1886
1362
2326
1684
999
799
632
2473
1024
1370
2202
84
405
609
2442
235
1329
1033
1010
1529
1495
473
1765
213
779
2110
1562
16
1129
537
840
1160
1099
798
1667
2065
1501
430
1803
347
2403
1079
1311
2113
784
1307
1086
2112
82
165
1276
2077
200
580
1243
2348
1603
866
528
1192
654
413
34
1936
1861
207
346
639
2169
799
237
853
2062
610
547
833
2354
2292
2214
2074
1457
1535
31
2034
1577
1964
2060
205
1385
184
2432
138
260
1981
899
299
29
1375
1067
1720
1991
84
1964
1275
2383
2074
2082
1956
107
1986
1331
883
1202
853
2139
1702
1104
593
2412
2020
2226
1018
2238
899
1389
446
1431
2074
2179
845
1116
349
2126
570
1239
1125
1816
2376
1551
2000
1660
90
457
611
1536
1065
1190
868
342
2066
873
1979
1480
2002
314
1334
1933
1185
1011
2386
2213
655
1391
2314
1384
2120
1291
1362
588
627
1426
2110
1701
1883
464
1436
756
345
1017
222
1660
1421
318
1821
936
1072
1735
27
274
990
865
1821
1757
619
2351
1595
322
1289
1293
1064
1368
1418
2087
1328
944
707
1749
1217
1442
342
1260
2283
2127
876
913
535
1433
2121
949
131
2430
1576
136
1273
534
796
2368
381
2199
734
483
68
308
1929
2083
2442
2368
579
2363
2001
1771
1662
852
123
2145
577
484
1811
2300
763
172
1157
1130
2438
2373
2208
378
1014
754
677
1261
670
1359
2068
2216
923
2089
1925
2321
2089
578
218
354
888
289
1608
1709
2390
930
1502
2042
1597
196
1333
1039
1654
407
817
2110
1682
806
954
369
1132
2443
1192
2324
1671
2118
1691
1241
2413
2088
634
1503
892
2349
1985
218
1644
1776
2015
1834
743
694
1927
2063
951
774
1920
638
1694
1576
767
145
357
970
644
1950
2251
1743
1285
1713
981
2104
2296
1470
2482
494
1684
437
1080
1415
1977
2173
2472
2082
395
1574
1849
1672
1531
1551
1919
836
558
1657
2080
1109
2226
2088
1387
2237
2308
485
1789
714
686
2038
2228
431
572
1116
106
116
695
1365
836
1731
1177
798
904
98
184
2040
684
2439
2419
2062
173
183
2412
1266
2335
1867
973
746
877
1043
557
527
1022
185
1838
15
2291
1999
1895
1624
1640
816
897
552
1604
1349
2047
2180
353
1758
864
2007
704
2044
2474
1388
369
337
410
228
2021
198
904
2440
1956
1689
1033
1600
1230
1549
1097
1076
2483
100
73
520
994
2296
1765
376
1901
1401
1085
2029
43
21
2445
1500
1413
2313
1803
863
1664
2337
502
1375
1518
54
1058
1493
1631
1092
1075
1286
2147
735
1123
2263
2062
843
2041
170
2031
1062
668
1354
2028
1275
620
1362
1294
895
1885
1899
1870
1535
1659
2274
658
1583
1295
2476
1224
844
1026
53
865
690
1578
82
52
1008
1219
1967
996
1374
2383
1511
1955
660
1912
60
1972
867
2273
2245
1480
1955
626
1595
1918
1012
1493
2011
1529
2300
1416
1026
807
1275
2045
1350
898
1161
2451
2429
653
1933
547
1242
2453
936
1355
530
1146
670
2276
1817
1149
1864
1175
1021
1105
2048
1493
2292
1282
1122
2374
1273
416
91
2107
1134
1627
365
1624
204
872
90
1083
691
174
1331
1517
1151
1834
1956
423
82
2445
450
478
1099
230
814
306
337
1825
817
1114
344
1904
1452
2046
524
2061
2186
2437
2068
930
1911
1761
2340
866
1599
1889
641
850
1880
1660
894
1706
1649
1755
86
287
1445