2672
2784
302
184
1231
2453
1310
383
1385
3479
1610
2938
3985
3058
1698
2692
48
1295
1034
3525
3750
214
940
932
2121
848
3162
2302
2928
2431
1654
2227
3532
2782
396
3020
2128
2640
1808
2671
405
2616
1689
3877
13
153
1580
869
1721
3110
3514
3794
2806
159
2153
3971
2556
672
3253
808
3381
3115
1507
2699
703
2337
1807
877
3656
3235
1244
561
3047
2688
31
500
316
2498
3768
172
3644
94
1640
1145
1415
978
3136
2076
437
1080
200
2904
230
233
2435
2922
3771
3310
1765
766
241
331
811
2381
873
3070
2592
3485
670
1655
3833
3323
1470
2675
1647
147
1773
1833
2918
994
297
808
303
1309
2243
2332
633
2581
3607
2328
1568
3772
3396
1012
3548
442
2028
1550
2850
80
3952
1420
1797
2487
1310
3518
3680
1375
20
3500
3985
2601
1956
1912
1770
1772
2927
1160
1581
1847
674
568
1949
2278
3615
1088
2624
726
2182
1545
72
784
128
941
2375
2486
3915
1104
3682
119
3168
3809
224
2693
326
3382
3255
1596
3897
381
2630
217
1619
903
1987
1961
2840
3011
1051
2055
3691
3145
327
1091
2601
2799
3478
263
1756
404
3904
954
2645
2407
2082
850
711
2739
714
748
2321
3210
3083
2065
3012
1697
2855
1439
1981
93
2843
3393
1114
1599
2514
2059
3752
1299
3205
1877
2818
675
208
728
367
2178
3814
511
1712
319
2510
2142
1086
3697
3845
1384
1978
920
3246
222
3133
3757
3266
1697
1459
1333
2656
2061
3305
927
1912
3791
1919
1718
3363
1442
2260
3956
2217
3228
3039
2098
1941
1641
2379
2834
376
1519
1571
3237
3259
271
3599
3586
2235
557
215
1293
2731
3298
2018
3853
2786
2689
327
2211
3745
1045
3208
3192
3847
1669
1579
1964
1058
1312
2253
929
1042
289
673
1793
3740
1594
1258
1544
2860
3387
1161
2829
2003
3729
3798
2609
547
76
3540
2122
121
347
3911
1784
964
561
2774
2115
3947
3825
783
1962
528
2073
1053
3821
510
2036
115
2804
1667
1184
3778
3474
450
3194
3627
380
1039
1135
2286
2074
1572
625
3922
1735
2742
3042
2217
2645
824
1328
2781
212
1527
48
3442
488
1620
3663
566
3276
3645
3931
2415
2469
172
806
3054
394
2692
1839
3822
1194
2559
3609
2600
901
761
2315
117
2664
1209
3003
3455
267
2692
234
532
885
21
3260
3413
462
15
1769
1836
2753
454
1365
2851
1525
567
3999
1884
3918
2778
522
2912
1635
2765
3817
1112
1592
3610
2434
763
1295
1364
3245
3406
1966
2307
3870
3739
3385
3980
1851
1642
2624
2483
1205
889
232
3857
3661
323
2334
1552
2555
1330
474
3980
3656
3798
3110
1286
503
2808
3367
912
467
588
2797
3412
3661
3785
3090
950
109
2846
1933
419
2559
3932
3580
2896
1524
2240
2901
1323
160
3634
2210
3591
3249
1814
2398
2510
1288
2655
779
1244
3625
3613
1649
1178
84
2946
3691
1454
2147
273
2779
2915
3542
2322
3385
791
1670
3043
2569
491
2145
3275
3552
2514
3152
1926
3730
2190
3319
1033
482
3123
2973
351
521
1554
1860
345
397
3363
1223
852
898
3184
1873
2010
438
155
1358
1814
94
392
1750
2577
429
504
1138
3371
410
775
3931
772
848
2037
998
3887
3504
1639
1964
2567
2674
3418
767
3752
2670
902
840
3417
428
3427
2750
1278
189
1599
254
2863
3884
1816
450
644
1509
3089
3788
1092
99
2466
1641
2443
434
2897
1692
3586
3615
2810
2903
2232
3456
2073
2070
3532
3755
441
3306
2353
3728
2193
26
2992
1614
699
1490
3974
3945
471
2254
3995
1777
2057
317
2823
76
2239
3455
1430
1724
3735
2512
1433
3759
3275
302
3645
2737
3514
3219
2982
3309
1339
3520
509
2446
1454
1508
1645
1190
404
502
2975
2161
2743
592
3031
3915
1186
433
287
1400
26
2001
519
1892
2903
3854
2590
2976
726
3697
1145
556
523
3909
1774
1346
2186
3425
3645
611
3498
1522
3242
2277
698
824
1286
3038
65
2320
2539
1374
240
1674
11
14
1685
3032
515
1656
2863
2908
200
913
1315
1852
3961
313
1003
2551
3746
1509
2685
3725
483
201
717
268
2582
161
2672
3914
1295
1099
541
3007
974
3130
3421
124
3469
3541
769
557
2491
265
547
487
3584
398
2380
2840
1133
1112
2080
1627
605
1885
1542
1411
2095
477
3228
2949
3224
2577
3047
2135
3802
1543
3712
2222
2928
3356
3422
1330
2359
2518
2526
755
1027
2723
1796
3630
2614
3271
3144
547
46
735
1817
1642
279
3653
2185
2758
3412
1771
1019
2962
231
2215
133
3107
832
3618
1290
2543
1412
3427
2374
1792
291
3228
3656
1149
3351
1673
293
37
2084
2338
3906
1931
3923
3478
574
1838
1951
403
2189
3752
41
708
3422
1858
263
1809
888
892
1251
3785
1947
1948
573
1182
2885
3129
2547
2837
2999
1559
1641
3143
2561
2112
3469
1719
2373
1594
1902
2451
260
1044
1955
9
3442
354
287
2043
2807
2754
660
3401
2413
2267
1629
3051
1016
2178
1174
2388
2510
1698
2283
2929
2018
2145
162
666
3085
275
3350
1397
2750
3118
614
3460
2599
2470
2756
2134
3829
801
2827
980
3808
2596
2245
1912
2018
2562
3535
2619
2613
376
54
2973
2533
3449
880
1533
3545
296
263
3746
428
2800
1286
1579
3169
1625
3431
913
3047
3687
2457
2234
2750
3094
1461
838
1226
2484
3725
2570
2690
2183
1551
212
550
2626
2523
2625
2085
3401
1357
1089
3179
1777
913
284
1342
320
2667
2080
1416
3821
973
3007
2528
2103
1749
3315
498
1652
464
3619
1832
1617
2562
1096
180
1787
2916
1499
3465
2875
918
2837
3842
200